0.925
-0.300
0.216
-0.186
0.028
0.462
-0.821
0.500
-0.955
-0.066
0.125
-0.668
-0.453
-1.596
1.347
1.852
-1.050
-0.807
-2.023
-0.019
-1.279
-0.779
2.108
-1.641
-0.053
-0.480
1.609
-0.088
-0.076
-0.547
1.984
0.861
0.475
0.019
0.907
0.287
-1.853
1.254
-0.320
-0.970
-0.986
-0.368
0.778
-0.493
-0.633
-1.313
1.804
0.404
0.042
-1.988
-1.323
0.013
0.426
-0.300
0.720
-0.356
1.836
0.634
0.281
0.678
0.490
0.118
2.026
0.381
-0.207
0.128
0.215
-0.060
-0.231
-1.494
-0.004
-1.727
0.180
-2.334
-0.233
1.508
1.968
0.029
-0.549
0.803
-1.142
0.079
-0.307
-2.101
-0.010
-0.014
-0.169
1.225
0.004
0.361
0.364
-0.630
0.559
-0.366
-0.695
0.171
-0.237
0.459
0.836
1.022
-0.571
0.556
0.128
2.278
0.649
-1.583
-0.914
-0.578
1.310
-1.866
0.858
1.113
-0.630
-0.297
-3.304
1.697
0.172
-0.974
-0.620
0.242
1.144
0.583
-0.199
0.899
0.216
0.448
-0.818
-0.138
0.498
0.574
1.064
1.050
-0.461
-0.185
0.770
-0.497
-0.107
-1.126
-0.714
-0.084
-0.009
-0.603
-1.339
0.446
-1.345
-0.114
-1.084
0.668
0.465
0.675
-0.614
0.116
-1.217
1.603
0.374
-1.203
-0.846
0.250
-0.268
1.049
0.948
0.330
-1.264
-0.453
1.108
-1.055
0.507
1.670
-1.264
0.932
-0.807
-1.036
-2.211
-0.338
-1.127
-0.653
0.580
0.085
-1.734
-0.321
-0.564
-0.029
-2.663
-0.613
1.638
1.823
0.226
1.110
0.464
1.088
1.122
0.007
-0.927
-1.061
1.126
1.143
1.037
-0.200
0.494
0.341
-0.378
-1.720
0.805
0.984
-0.720
0.056
-0.144
1.861
-0.833
-0.810
-0.567
1.710
-0.855
-1.017
1.159
0.645
1.077
1.475
1.645
0.710
0.266
0.908
0.051
-0.176
0.936
0.317
0.217
0.655
-0.796
2.486
-0.324
0.278
0.814
0.768
0.896
-0.192
0.776
-0.936
-0.535
-0.286
0.311
0.337
0.279
0.051
-0.709
-0.510
1.774
-0.970
1.258
0.458
-0.006
0.059
-1.174
-1.362
-0.662
-1.163
-0.142
0.295
0.582
-0.534
1.167
0.961
-0.106
-0.215
0.165
1.009
-0.879
1.368
-0.497
0.764
0.247
-1.018
0.803
-0.270
-0.634
0.521
-0.761
0.951
1.947
0.350
-0.355
0.326
0.805
-0.629
1.282
-1.544
1.032
-0.709
-0.616
-1.341
0.267
-0.353
-0.004
0.109
2.146
0.333
-0.375
-0.249
0.347
0.803
-1.464
-0.982
-1.987
-0.952
0.078
-0.021
-0.524
-0.976
0.026
-0.482
0.830
0.398
-1.356
0.987
0.430
1.322
-0.602
-1.862
0.494
-1.650
1.956
0.700
0.365
-1.054
0.913
-0.394
0.282
-0.442
0.397
-1.386
0.372
-0.445
-0.928
0.529
-0.439
-1.222
0.681
-0.599
-0.132
0.552
0.197
-0.299
0.338
0.830
0.276
-1.216
-1.275
-0.442
1.238
0.435
-0.367
-0.657
-0.451
-0.833
-0.241
-0.879
-0.402
0.293
-0.841
0.161
1.670
0.304
-0.028
0.729
1.587
0.417
0.524
2.096
-0.069
-0.566
-1.423
-0.081
-1.605
0.152
0.023
-0.343
-0.802
0.301
-0.078
-0.228
-0.005
-0.444
-1.128
0.679
-0.685
-0.282
0.528
0.607
-0.094
-0.788
-0.028
0.210
-0.272
0.437
1.196
0.460
-0.767
0.170
-0.401
-0.317
-0.908
2.023
-0.436
0.244
0.360
0.427
0.405
0.149
0.375
0.581
0.671
0.786
0.619
-0.329
0.254
-0.410
0.248
0.653
-0.059
0.301
0.254
-0.002
-0.168
1.617
-1.018
0.219
0.485
-1.029
-0.342
0.266
-0.332
0.454
0.185
0.155
1.269
1.214
0.039
2.473
-0.224
0.239
-0.458
0.724
-0.385
1.820
0.931
-0.773
-0.384
-0.545
2.988
0.597
-0.049
0.850
-0.085
-0.919
1.932
0.601
0.329
-0.878
-1.578
-0.093
-0.455
0.517
0.723
0.451
0.441
-1.448
-0.242
0.266
0.420
-0.117
0.508
0.260
-0.314
1.649
0.993
-0.068
-1.140
-1.272
-0.256
0.677
0.586
-0.212
-1.651
-1.142
0.854
0.537
-0.581
-1.005
-0.679
0.292
0.846
0.225
-0.830
-0.296
-0.051
0.397
-0.825
0.005
-2.099
0.770
0.227
-1.872
0.610
0.659
-1.952
-1.821
0.310
-0.422
1.572
0.004
-0.728
0.149
-0.338
-0.989
1.095
1.158
-0.071
0.264
-0.388
-0.145
-0.151
0.645
-1.013
-1.422
0.012
0.882
-0.108
0.868
0.665
-0.908
0.449
-0.446
0.852
0.435
-1.266
0.398
0.461
-0.556
-0.607
0.084
-1.425
-1.863
0.447
-0.338
0.261
0.456
0.120
0.359
0.145
-0.761
0.215
0.197
0.087
0.251
0.084
-0.818
0.687
0.451
-0.202
0.357
0.736
-0.457
-0.603
0.494
0.654
-0.598
-0.534
1.861
1.410
0.958
-0.985
0.313
0.061
0.184
-0.464
-0.310
-0.739
0.582
-0.749
-0.049
-1.384
-1.885
-0.627
-1.764
0.899
0.035
1.581
1.295
-1.017
0.722
-0.506
-0.657
-0.541
-0.756
-0.648
0.541
-0.124
0.836
0.850
-1.061
-0.442
-0.143
-0.798
0.068
-1.336
1.088
-1.840
0.416
-1.167
-0.684
-0.081
-0.039
0.484
-0.531
1.331
0.547
-2.906
0.019
1.149
0.579
0.327
0.831
1.500
-0.233
0.355
0.120
-0.105
-0.079
-0.129
0.245
-0.105
-1.318
0.956
1.518
-0.767
1.550
-1.490
-0.275
-0.477
0.635
-1.668
-1.260
-1.147
-1.424
0.487
-0.203
-1.228
0.980
1.261
-0.927
-0.888
0.553
0.824
0.322
-0.699
-0.729
-0.998
0.127
0.440
0.363
-1.448
0.668
-1.598
0.750
-0.236
1.122
1.041
-0.195
0.792
-1.343
-1.111
0.103
-0.858
-0.152
-0.257
-0.845
0.896
0.593
-0.012
-1.166
-0.414
-0.051
0.836
1.486
1.343
1.229
-0.037
1.659
0.651
-1.039
-0.975
2.102
1.567
0.933
-1.523
2.225
2.366
1.785
-0.459
0.232
1.450
0.273
-0.130
0.406
-0.123
-0.117
-0.072
0.212
-0.087
-0.356
-0.860
1.749
0.641
-0.371
1.694
-0.303
-0.607
0.344
0.662
-0.860
0.494
-0.688
-1.601
-0.036
-0.090
1.520
-0.498
-0.036
0.104
-1.424
-1.439
-0.947
0.090
0.554
-1.276
-0.123
-0.870
0.282
-1.984
-0.352
0.560
-1.402
0.896
-0.847
-0.311
0.630
0.141
0.357
-0.812
0.532
1.785
-1.057
-1.660
-1.504
-0.007
0.022
-1.248
0.757
0.425
-1.200
-0.835
-1.449
0.723
0.881
0.735
-0.554
-1.513
-0.205
1.304
-0.988
-0.396
1.061
-0.762
0.525
-0.921
0.451
1.004
-1.099
-0.299
-1.492
-0.393
-1.089
-0.573
-0.034
-0.378
-2.157
-1.828
0.285
0.758
-1.397
0.587
0.324
-0.088
-1.008
0.247
0.478
-0.530
0.927
0.113
0.811
-1.707
-0.078
0.723
-1.222
0.503
-0.053
0.770
-0.886
-1.031
-0.379
-0.153
-0.810
0.161
-0.249
1.153
-1.117
0.110
0.954
0.764
-0.931
-1.151
1.264
-0.429
0.356
-1.155
-0.271
0.514
-0.830
-0.947
-1.663
0.206
0.306
0.241
0.644
0.161
0.627
0.768
1.470
-0.698
0.075
1.012
-1.351
-0.954
-0.790
-0.274
-1.428
-0.257
0.358
-0.998
-1.793
0.222
0.830
0.250
0.411
-0.321
0.214
0.073
1.244
0.973
1.138
1.135
-2.080
-0.557
0.739
-1.551
-1.239
-0.752
-0.704
2.317
0.650
0.815
-1.585
0.512
0.077
-0.070
-0.933
0.145
-0.442
0.508
0.327
1.480
-0.717
0.308
0.987
1.309
1.411
0.484
-0.996
0.683
-0.519
1.742
1.146
1.123
-0.482
0.888
-0.654
0.417
-1.303
0.592
-0.293
-0.574
-0.655
0.991
-1.908
1.678
1.061
0.076
1.102
-0.372
2.322
-0.293
1.190
0.893
0.685
1.899
1.211
-0.286
-0.772
-0.488
-0.352
1.161
1.245
0.329
-1.145
-1.219
-0.010
0.147
0.563
0.720
-1.612
1.159
-0.542
-0.145
-0.017
-0.045
-0.357
-1.252
0.360
0.674
-0.900
-0.896
1.658
1.347
-0.026
0.542
-1.195
0.654
0.860
1.068
-0.880
0.018
1.019
-0.307
-2.050
0.949
-0.401
-0.393
-1.162
0.852
0.339
0.588
0.486
1.403
0.207
-0.478
1.020
-0.246
0.906
-1.117
-1.522
0.578
-0.539
-0.371
-0.056
0.867
-0.737
-0.140
-0.384
-1.255
0.495
-0.213
0.356
0.095
-0.909
-0.249
-0.128
0.390
0.201
0.306
-0.315
-2.409
-1.774
0.127
1.817
-0.495
-0.604
-0.357
0.331
-1.356
-1.003
0.320
-0.854
0.057
1.340
-0.437
-0.626
1.720
-0.171
-0.794
-0.089
-0.189
0.462
-1.603
0.107
-1.519
-1.759
-1.286
-0.984
0.584
-0.062
0.329
1.395
-0.340
1.796
0.384
-0.688
-0.554
0.804
0.410
-0.986
-0.812
1.415
-2.566
1.061
1.475
-0.314
0.045
0.115
1.232
-0.656
-0.489
-0.057
1.014
-1.164
-1.221
-1.110
0.187
0.719
-0.748
-2.103
2.155
-0.508
-0.282
-0.191
0.280
0.031
0.583
1.257
0.461
0.474
0.844
0.945
0.231
0.494
-2.572
0.865
0.619
0.566
-1.343
0.187
-1.077
-0.747
-0.472
-0.893
0.147
-0.379
0.147
-0.061
-0.166
-0.200
0.277
0.735
-1.865
1.202
1.246
-0.048
1.752
1.815
0.298
0.417
-0.074
-0.104
0.670
0.767
-0.701
0.201
-0.194
-0.892
0.003
-0.039
0.220
-0.505
1.052
-0.298
0.181
-0.888
0.381
-0.588
0.485
-0.314
0.821
-0.427
0.513
0.168
-0.956
-1.982
0.639
0.852
0.841
1.122
1.776
-0.458
0.017
-2.171
-1.338
-0.543
-0.052
0.046
0.953
-0.851
1.182
0.073
-0.234
-1.145
-0.405
-0.638
-0.025
-1.136
0.825
0.401
0.413
-1.454
0.794
0.310
0.862
-0.128
-0.464
0.384
-2.253
-0.476
-0.192
0.392
-0.712
-0.383
-0.512
1.718
-0.827
-1.195
0.644
-1.003
0.246
0.587
0.239
-0.754
-0.054
-0.365
0.122
0.027
-0.517
-0.867
1.770
-0.746
0.215
0.866
1.337
0.484
0.961
-0.390
0.176
-1.497
-0.551
-0.677
-0.454
0.646
-0.851
1.880
1.019
0.385
-0.071
-0.146
-1.773
-0.902
-0.302
-0.283
0.964
1.108
-1.086
0.707
0.605
0.020
-1.114
0.120
0.908
-1.196
0.156
0.567
-0.118
0.999
-1.071
0.356
-0.748
-1.049
0.766
-0.554
0.424
0.156
-0.031
-0.222
0.881
1.902
0.104
0.297
1.001
0.203
-0.196
1.114
-0.220
-0.691
0.443
0.750
0.324
-0.127
-0.196
-0.941
1.597
0.788
1.109
1.722
-2.019
-0.682
0.768
-1.423
-0.331
0.849
1.133
-1.751
-0.401
0.094
-0.242
0.608
-0.533
-1.427
-0.260
-1.451
-0.640
0.351
2.580
0.352
0.749
-0.293
0.783
-2.016
0.856
0.430
0.396
-1.160
-0.935
0.128
-0.428
0.908
-0.281
0.746
-0.962
0.665
-0.164
-0.064
-0.605
-1.710
0.865
0.024
-1.400
-0.253
0.416
-0.848
-0.001
0.366
-0.187
0.496
0.430
0.838
-0.592
1.333
-0.480
-0.575
-0.826
0.391
-0.936
0.244
-1.770
-0.534
-0.635
-0.230
-2.424
1.208
-2.533
0.775
0.086
0.430
-0.242
-1.113
1.664
0.084
0.869
1.856
0.660
1.381
-0.014
-0.644
-1.730
-0.592
-1.250
0.878
0.365
0.264
-0.811
1.218
0.446
-0.510
0.113
0.866
2.163
0.566
-0.732
-0.297
-0.984
0.466
0.197
-0.188
0.974
1.012
-1.112
0.259
-0.624
-0.825
0.806
0.718
-0.508
0.281
0.373
1.068
0.125
1.258
-0.175
-1.476
0.372
-1.070
0.769
0.668
0.663
-0.179
-0.788
-1.469
1.044
0.854
0.006
0.599
0.096
-0.969
-0.648
1.111
-1.074
0.996
-0.162
0.200
0.755
0.040
-0.854
-0.298
0.022
-2.186
-1.458
0.392
2.217
-0.368
-0.247
-1.017
0.230
-1.033
0.773
-0.441
0.530
0.150
-0.257
0.869
-1.043
0.028
-0.210
-0.759
0.095
-0.258
-0.004
-0.058
-1.326
2.091
0.194
-0.022
0.767
-0.656
-0.348
0.904
0.205
0.840
-0.402
-0.702
-0.059
0.604
0.759
-1.181
0.190
-0.549
0.126
1.292
-0.750
2.051
-0.882
0.019
0.013
0.146
-0.665
-0.692
-1.040
-0.402
-0.674
0.658
0.620
0.200
1.029
0.347
-0.397
0.010
-0.269
-1.543
0.093
-0.924
0.893
0.754
-0.137
0.714
-0.122
0.743
-0.533
-0.003
-0.545
-0.779
-0.525
-0.432
-0.485
1.367
-1.036
1.119
1.400
-0.679
-0.131
-0.481
0.950
-1.551
-0.803
-1.345
-0.979
-1.009
0.867
-0.616
0.577
1.035
0.793
-1.493
-0.051
0.032
-0.063
-1.158
0.519
-0.136
-0.589
1.519
-0.935
-1.040
-0.850
-0.967
1.376
-0.073
-0.991
1.770
1.578
1.236
-1.032
0.670
-0.965
-0.705
-0.276
-0.335
0.586
0.767
0.930
-1.763
0.452
-0.051
0.143
-1.114
-0.812
0.328
1.651
-1.381
0.353
0.909
-1.022
-1.177
-0.301
-0.685
0.082
1.457
0.287
-0.382
0.563
1.176
1.348
-0.715
0.506
-0.111
0.650
-0.433
1.561
-0.084
-0.456
0.753
0.103
-0.518
0.437
-1.505
0.242
-0.409
-0.814
0.594
-0.100
-0.738
-0.930
-1.475
-0.048
0.262
-1.285
1.445
-0.361
-1.411
-0.580
-0.673
-0.334
0.201
-0.635
-0.596
-0.648
0.632
0.226
-0.311
-0.146
1.220
-0.095
0.859
-1.017
0.581
-0.262
0.116
-1.667
0.982
-0.424
-1.056
0.084
0.152
0.468
-0.295
0.325
-0.923
0.782
-1.034
-0.329
-0.763
-0.429
-0.514
0.965
-1.868
0.040
0.624
-1.115
-0.639
0.677
0.999
-1.058
-0.061
0.904
1.471
0.148
-0.417
0.561
0.209
1.273
-0.351
1.511
0.747
0.306
-1.252
0.953
0.804
-0.205
0.599
0.690
-1.888
0.200
0.232
0.584
-0.749
1.118
-0.686
-1.010
0.907
2.113
-0.813
-0.737
1.694
0.439
-2.015
1.591
0.603
0.852
0.567
-0.717
-0.321
0.175
-0.089
0.836
0.085
0.847
-0.386
0.942
0.419
-0.443
-1.310
-1.890
-1.752
-1.170
-0.238
0.465
-0.275
-0.827
-0.325
0.298
-0.043
-0.242
-0.735
-0.355
0.715
-1.059
1.029
0.408
-0.595
-0.449
0.319
-1.373
0.199
0.546
0.067
1.412
0.587
0.714
-0.912
0.075
-0.074
1.548
-0.765
0.762
-0.080
-0.059
0.919
0.473
-0.217
0.032
1.168
0.365
-0.300
-0.557
0.278
-1.941
0.618
-1.061
0.060
0.447
0.212
1.642
0.510
-0.190
0.294
0.100
-0.118
0.019
-0.800
-0.232
0.518
0.651
0.147
-1.450
0.759
-1.501
0.092
-0.787
1.452
-0.139
-0.079
0.110
0.761
-0.291
-0.678
-0.319
0.067
-0.204
0.734
-0.296
0.162
-1.206
-0.191
-0.045
-1.802
-1.300
-0.902
-1.924
-1.534
-0.799
-0.150
1.727
1.137
0.303
-2.227
0.983
-1.005
-0.284
0.794
-0.264
2.501
0.256
-0.050
-1.178
0.114
-1.050
-1.695
1.792
0.479
0.528
0.131
2.562
1.343
-1.259
0.772
-0.003
-0.461
0.661
1.172
-0.468
-0.052
0.681
-0.622
0.676
0.448
1.984
1.407
0.032
-0.509
-1.035
1.105
1.196
1.124
0.244
0.024
-0.227
-0.984
0.585
-1.037
0.582
-0.913
-0.717
0.555
0.090
0.547
-1.041
-0.284
0.059
-0.753
-0.360
1.054
-0.238
1.302
0.759
-1.878
1.034
0.057
-0.380
0.356
0.016
0.984
1.742
0.821
-0.050
0.266
-0.129
2.072
0.170
-1.878
2.363
-0.736
0.253
-0.247
1.062
0.373
1.035
0.635
-1.745
1.250
-0.439
-0.174
-0.641
1.002
-1.714
-0.309
0.772
0.884
-0.539
-0.234
-0.095
-1.328
-0.356
0.101
0.979
0.010
-0.654
0.455
-0.056
-0.257
0.483
-1.535
-0.620
1.603
0.329
1.594
0.084
0.738
0.006
0.286
-1.012
-0.361
0.534
0.973
-0.134
0.773
1.031
0.321
-0.237
-1.095
0.509
2.327
0.708
1.000
-0.229
0.321
1.476
-0.126
0.207
-0.287
1.525
-0.343
-0.817
1.553
1.295
1.009
-0.032
0.742
1.203
-1.694
0.152
0.544
0.069
-1.683
-1.879
-0.295
-0.819
0.532
-0.705
0.315
0.264
1.865
0.097
0.264
-0.211
0.134
0.915
-1.582
0.265
-0.913
0.696
0.241
-0.567
0.367
1.521
1.772
0.817
-1.565
-0.343
-0.359
-1.181
0.273
-1.115
0.159
-0.257
0.220
1.271
-1.257
0.058
0.252
1.498
0.631
0.481
-0.285
-1.120
-0.027
0.504
-0.488
0.716
0.312
0.110
-0.497
0.428
-1.356
-1.398
0.062
-0.071
-1.185
-0.376
0.413
-0.872
1.236
-1.534
0.085
0.293
0.630
-1.426
-1.638
-0.831
-0.792
-1.064
-0.150
-0.853
0.528
-0.552
1.905
-0.489
0.754
-0.654
-1.187
-0.663
0.600
0.766
-0.582
-0.680
1.629
1.134
0.574
0.105
1.029
0.380
-0.056
-0.361
-1.476
0.513
-0.032
-0.164
-0.610
-0.320
-1.905
0.379
0.275
0.049
0.374
-0.929
1.081
0.551
-1.721
-0.194
1.338
-1.095
0.466
-1.743
0.433
-0.001
0.189
0.365
-0.297
0.357
-0.917
-1.128
0.747
-0.866
-0.085
0.130
-0.967
0.886
0.616
-0.291
0.091
0.257
1.608
-0.130
-0.605
-0.634
0.679
-0.044
-1.066
-0.023
-1.085
1.426
0.919
-0.618
1.066
0.086
-0.307
-0.118
0.646
-0.899
0.735
0.825
-0.954
0.849
1.034
0.248
0.279
-0.975
1.750
-0.190
0.175
0.188
0.985
2.020
0.253
0.394
0.691
-0.216
0.924
-0.340
-0.141
-0.032
1.323
0.450
0.963
-1.034
-0.448
0.385
-0.431
-1.166
-0.464
0.421
1.745
-0.819
1.032
0.390
-1.298
2.001
0.103
-0.432
-1.268
-1.562
-0.246
0.165
-1.606
1.686
0.240
-0.043
-0.361
-0.504
-0.686
-1.316
0.289
-0.387
0.674
-0.217
0.108
-0.831
-0.214
-0.889
0.642
0.859
0.070
0.110
-0.795
1.220
-0.008
0.960
1.931
0.338
1.714
-0.382
0.064
0.566
2.006
-0.633
0.651
0.089
-0.465
-0.516
-0.214
-0.024
-0.600
0.957
-0.270
1.084
-0.386
-1.779
0.504
-0.277
-0.242
-0.254
0.618
0.358
-0.377
-0.382
0.776
0.445
0.426
0.805
0.354
-0.068
0.925
-0.747
-1.513
0.429
-0.088
-0.048
-0.177
0.826
-0.982
0.624
0.225
0.491
1.909
-0.967
0.711
1.103
-0.236
0.139
1.172
-0.291
0.266
-1.511
0.683
1.032
-1.699
-0.006
0.900
0.678
0.511
0.106
-0.744
0.683
-0.740
1.140
0.555
-1.550
-0.602
1.970
0.897
-0.253
0.980
0.218
-0.258
0.127
-2.353
1.613
1.072
0.332
0.806
1.271
-0.801
-0.597
0.890
-1.105
1.972
-1.557
-0.095
-0.749
1.116
0.184
-2.068
-0.370
0.673
-0.326
1.365
-0.619
1.730
0.166
-1.431
0.007
0.227
0.226
1.292
0.266
-0.955
-0.309
0.790
0.258
-1.748
-0.172
0.392
-1.052
0.822
1.224
-1.885
-0.551
1.444
1.180
-0.442
1.066
-0.006
-1.197
0.218
0.740
0.603
1.054
0.787
0.038
-0.733
-0.246
-0.264
-1.804
0.745
0.219
0.559
-0.817
-0.584
0.727
-0.023
-0.646
-0.355
0.193
-0.649
0.667
-0.421
0.752
-1.194
0.475
0.745
0.300
-0.224
0.139
-0.113
-1.215
0.168
0.397
-0.552
-1.718
-0.576
0.049
1.118
-0.181
-0.834
-1.884
0.836
0.552
-0.158
-0.361
0.527
-0.064
-0.187
0.472
-0.830
0.421
0.489
1.524
-1.083
0.699
-0.956
-1.879
0.066
-1.068
0.020
0.231
0.367
-1.525
0.921
-0.173
-0.785
-1.764
0.588
0.456
0.241
-0.198
0.337
-1.322
-0.330
-0.102
-0.068
0.985
0.479
0.427
-1.819
1.155
-0.792
0.468
0.520
0.701
-0.787
1.197
0.418
0.573
-1.048
0.730
-0.638
0.457
1.951
0.738
-0.352
-0.652
-1.174
-0.107
-1.893
-1.699
0.302
0.879
0.234
-0.625
0.018
1.988
-1.083
-0.247
1.440
-0.874
-1.134
0.289
0.494
0.695
-0.238
0.636
0.759
1.018
-0.339
-2.480
0.028
-0.438
0.186
-0.051
0.906
-1.212
0.026
-0.009
-1.803
-0.014
0.677
0.763
0.026
1.352
-0.250
0.409
-0.359
0.997
0.372
0.978
-0.850
-1.136
0.284
-0.062
0.823
-1.258
-0.088
0.870
0.985
0.006
-0.318
0.318
0.122
-0.698
1.144
0.970
0.036
0.883
1.141
-1.006
0.952
1.558
-1.088
1.195
-0.166
-0.994
-0.933
-1.797
-0.018
-0.863
-1.030
-0.069
-0.891
2.034
-0.199
-0.253
1.458
0.962
-1.473
0.798
-1.295
0.639
0.615
-0.619
-0.745
-0.004
-0.503
0.610
-0.159
1.451
0.088
-0.311
0.293
0.139
-1.357
-1.067
0.539
-0.202
0.920
-0.112
0.237
0.125
-0.738
1.540
0.996
0.385
0.035
2.394
1.781
-2.070
-1.322
0.460
1.610
-0.183
2.121
0.521
0.296
-0.843
-0.992
-0.739
-0.445
-0.078
0.285
0.138
0.801
-0.310
0.937
-0.014
-0.983
-0.517
-0.772
-0.877
0.245
-0.747
0.172
1.912
-0.699
1.767
-0.527
1.072
-1.474
-1.094
1.343
0.854
0.517
-0.632
0.847
-0.628
0.656
0.049
0.370
-0.246
-1.256
-0.529
0.174
0.349
-1.805
0.707
-0.138
0.657
0.242
-0.644
-0.833
1.265
-0.139
0.008
0.653
-2.303
-0.555
-0.029
0.804
-1.265
-0.114
0.164
0.099
-0.674
-0.622
0.826
-0.063
-0.869
0.840
0.590
-0.570
0.107
0.602
-1.304
0.200
-0.112
-1.586
-0.099
-0.028
0.039
-0.622
0.654
0.798
-0.183
1.606
1.524
-0.362
1.422
0.626
0.492
-0.995
-0.128
2.068
1.305
2.365
0.478
1.151
0.521
-0.949
0.622
0.446
-1.010
-0.696
-0.124
0.047
-1.061
0.376
-0.749
-0.484
-0.062
-0.750
1.518
-0.800
-0.124
0.232
-0.884
0.713
-0.111
-0.443
1.323
-0.572
-1.330
-0.093
-1.635
1.262
-1.276
0.216
0.760
1.220
-1.871
1.120
-0.326
0.256
-0.630
1.272
1.985
0.080
-0.850
-1.344
0.185
-1.016
0.452
1.436
0.417
1.363
0.037
0.183
0.152
0.719
0.185
0.191
-0.605
0.050
-0.301
-0.012
0.047
0.337
-1.594
-0.623
-2.195
0.700
0.025
0.053
-0.643
0.130
-1.759
-0.296
1.765
-0.222
-1.740
0.456
0.106
0.867
-0.715
0.715
-0.959
-0.568
1.723
1.115
-0.837
0.631
-0.343
-1.253
0.858
-0.533
-0.828
-0.204
0.800
0.289
0.533
-0.843
1.049
0.787
0.053
-2.019
-0.708
-0.031
1.327
0.479
0.389
-0.469
-1.061
0.607
-0.826
-0.102
-1.020
0.829
-0.452
0.591
0.052
-0.200
-0.015
2.314
0.889
0.426
-1.850
1.256
0.411
0.651
-0.914
-1.073
-0.453
0.231
-0.399
-0.944
-0.993
0.770
-1.616
-1.216
0.048
-0.984
-2.287
-0.699
-0.060
-1.409
0.347
-2.260
0.420
-1.077
-0.730
-1.380
1.047
-1.184
0.067
0.900
-1.361
-0.877
-1.736
0.651
-0.814
-0.187
-0.522
-0.056
0.468
0.669
1.061
1.720
-0.271
0.216
1.126
0.505
-1.348
-0.412
-1.459
-0.823
0.922
0.820
-0.616
0.278
-1.128
-0.706
1.538
0.240
-0.068
-0.516
1.613
1.386
1.041
0.961
0.056
0.935
-0.629
0.490
-0.242
1.194
0.594
-1.090
-0.278
-0.784
0.890
0.023
-0.465
1.182
0.649
-1.370
-1.303
-0.636
-0.100
0.306
0.616
-0.247
0.512
1.461
0.227
0.602
-0.947
0.049
0.299
-0.688
1.394
-0.050
-0.616
0.266
0.237
-0.438
0.628
-0.736
-0.952
0.769
-0.886
1.086
0.991
0.587
-0.595
1.236
-1.356
-0.775
0.163
0.042
-1.327
0.072
1.477
1.576
1.133
0.556
-0.473
0.160
0.326
0.520
-2.296
0.276
1.410
1.102
-1.863
0.479
1.937
-0.997
0.367
0.632
-0.731
1.788
-0.341
-1.446
-0.068
0.789
0.024
2.281
0.113
-0.257
0.744
0.073
-1.505
-0.808
-1.127
0.617
-0.964
0.448
-0.483
-0.506
-0.434
-1.019
0.049
0.683
-0.332
0.371
0.269
1.195
1.466
1.876
-0.229
-0.153
0.173
-0.575
-0.940
0.125
0.035
-0.093
1.033
1.121
-2.964
0.486
-1.587
-1.541
0.085
0.782
-1.811
-0.155
-1.036
-0.048
-2.009
-0.187
0.010
1.350
0.005
0.321
0.712
0.777
-0.050
0.502
0.638
-2.073
0.238
0.146
0.963
1.091
-0.583
-0.586
-0.511
-1.510
0.307
-0.050
-0.066
1.077
0.053
0.964
-0.963
-0.472
-0.556
-1.007
-0.604
-0.015
-0.177
-0.528
-0.464
0.160
-0.252
-0.049
0.353
1.156
-0.666
0.757
0.256
-0.639
1.146
-1.326
-0.155
-1.276
-1.673
0.450
0.743
-0.516
-0.424
0.549
-0.360
0.253
2.036
0.072
1.006
0.498
0.529
-0.867
-0.228
1.032
-0.442
0.323
0.697
0.372
1.058
-0.663
1.668
-0.745
0.206
-1.273
-1.366
0.644
-0.125
-1.304
0.141
1.825
-0.844
-1.513
1.303
-0.895
1.031
-0.393
-0.612
0.063
-1.253
1.678
-0.899
-0.064
-0.219
-0.378
-0.733
1.353
1.185
-0.667
-0.257
-1.289
0.742
-0.474
-0.391
-0.125
-0.140
-0.047
-0.684
0.270
1.791
0.154
0.569
-1.173
-0.186
0.433
0.155
-0.049
-1.411
0.320
-0.404
0.112
0.347
-0.311
1.440
-0.190
0.684
-0.250
0.686
-0.516
-0.526
1.262
0.647
-0.898
1.471
-0.087
0.942
0.116
-0.560
0.059
0.753
-0.746
0.216
0.741
1.583
-0.160
-0.361
1.379
0.197
-0.850
-0.863
-1.493
0.086
-0.658
0.020
0.050
-1.118
0.657
-0.137
1.466
0.424
0.397
-1.215
-1.511
0.426
-0.878
-1.726
-0.264
-0.211
-0.222
1.020
-1.808
0.594
-0.878
0.484
-0.215
-0.901
0.547
-0.248
-0.204
0.462
-0.707
2.077
-0.606
0.921
0.676
-0.904
-0.803
0.359
-1.763
1.217
-0.670
0.597
0.872
-1.445
0.659
-1.305
-0.062
0.617
0.868
-0.860
-0.274
0.321
-0.113
-1.412
0.535
-0.985
-0.772
1.902
-1.434
-0.162
1.739
0.799
-0.491
0.050
-0.820
0.876
-0.365
-1.379
-0.610
2.469
0.075
-0.769
-0.211
-0.394
-0.016
-0.180
-1.089
-0.365
0.379
-0.333
0.102
-0.059
0.031
-0.565
-0.226
0.383
-1.594
-0.792
0.546
0.341
-0.870
-0.720
-0.427
-0.315
1.730
0.688
-1.089
-0.984
-0.560
0.099
-0.947
0.100
0.091
0.689
1.451
-0.689
-0.903
-0.237
0.802
-0.262
0.443
-0.101
0.739
0.527
-1.402
-0.753
-1.220
0.118
0.024
-2.127
0.334
-0.680
0.288
-1.758
-0.858
-0.240
0.022
0.786
0.736
-1.170
0.787
-0.013
1.028
-0.440
-1.170
0.700
1.616
-0.237
-0.531
-0.225
0.587
0.530
-1.784
0.474
0.048
0.954
0.555
0.434
0.244
-0.152
0.018
0.626
0.742
1.245
0.325
1.947
-1.125
0.854
-0.483
0.485
-0.616
0.379
0.800
-0.208
0.472
1.666
-1.141
0.276
0.457
0.013
1.033
-0.092
1.152
-0.583
0.231
0.933
0.347
-0.496
-1.833
-0.166
0.819
0.723
-0.194
1.568
-0.365
0.697
-0.867
0.272
-0.870
0.341
0.319
-0.237
0.200
0.252
0.383
-0.170
0.604
-0.015
-1.875
0.605
0.901
-1.779
-0.656
0.770
0.059
-1.745
-0.633
-0.382
-0.048
0.224
-0.034
-0.140
-0.161
0.274
-0.904
-0.252
0.109
-0.504
-0.236
-0.001
0.149
0.355
0.156
-0.183
-1.703
-0.731
-0.913
-1.307
0.527
-0.258
0.283
0.933
1.306
1.065
0.910
0.277
0.266
0.707
0.594
-1.312
0.608
1.406
2.084
-1.526
1.076
-1.619
0.872
0.043
-0.122
-1.781
-0.192
1.450
0.229
-0.207
-0.663
-0.959
-1.333
-0.630
0.370
-1.055
-1.323
-0.376
-0.500
-0.630
-0.883
-1.045
0.544
-0.623
0.162
0.148
-0.367
-0.258
0.310
0.065
-0.071
-2.492
-0.397
1.833
-1.397
-0.926
2.106
-1.137
0.532
1.416
-0.521
-1.370
-1.560
0.814
-1.055
-1.030
0.938
0.267
-0.848
0.590
-0.166
-1.060
1.492
-0.222
-1.779
0.834
-0.866
-0.463
0.186
-0.002
1.323
-2.479
0.563
1.345
-0.331
0.697
0.091
0.608
-0.404
-0.777
-0.199
-0.221
1.241
-0.252
-0.689
-0.697
0.222
-0.348
0.722
-0.677
-1.514
0.095
0.043
-0.636
0.057
2.054
0.226
0.669
-0.338
1.018
-1.129
1.579
0.057
0.297
-2.493
-0.938
1.562
0.600
-1.255
0.815
0.434
-1.173
0.283
-1.097
-0.132
-0.675
0.646
-1.403
1.391
-0.749
-0.112
0.369
0.950
0.013
-0.472
0.952
-2.049
-1.124
0.935
1.764
-0.109
-0.305
1.540
-0.536
-0.473
-1.672
0.525
-0.449
0.478
-0.412
-1.720
0.394
1.020
1.958
-0.511
0.605
-0.333
0.010
1.520
0.218
-1.444
-1.313
0.547
0.164
-1.067
0.158
0.840
1.070
0.498
-1.063
-0.152
-0.803
-1.885
0.181
0.486
-0.262
-2.156
-0.454
-0.009
-1.185
-1.594
-1.067
-0.304
0.272
0.220
-0.496
-1.106
0.412
0.577
0.280
0.567
0.378
0.200
0.748
0.398
0.091
1.026
0.109
0.155
-0.734
-0.065
-0.044
0.712
-1.464
1.201
0.250
-1.060
0.274
-0.087
-0.250
-0.483
-2.096
-1.310
-0.500
0.354
0.916
0.873
0.540
-1.167
-0.567
0.469
0.467
0.197
1.771
2.322
-1.000
0.293
1.916
-1.855
-0.919
-0.410
1.210
0.694
-0.173
-0.584
0.377
0.614
0.263
-0.740
0.655
1.889
0.029
-1.045
0.621
-0.082
0.016
-0.254
-1.851
-0.418
-1.318
-1.478
1.397
-0.035
-0.925
-0.018
-0.312
0.323
-0.304
1.125
-0.287
2.059
0.931
0.118
-0.299
0.245
0.287
0.646
-0.947
-1.410
0.225
-1.536
-1.173
-2.143
1.841
0.098
-0.437
-0.974
0.748
0.495
1.058
-0.982
-0.620
1.723
1.494
-1.060
0.835
1.467
0.478
0.596
0.722
-0.688
0.185
-0.535
0.531
1.133
-1.562
-0.458
1.131
-0.252
-1.248
0.725
0.252
0.741
0.019
-0.080
0.207
-0.472
-1.217
-0.690
0.206
0.357
1.284
0.189
0.483
0.483
-0.330
1.801
-1.593
0.612
-0.032
-0.818
1.942
0.764
-0.333
-0.198
0.546
-1.619
-0.294
-0.514
-1.046
0.235
0.267
-0.928
-0.204
-1.663
1.596
1.497
-1.214
-0.651
0.158
-0.887
-0.290
-0.422
-0.232
-0.262
1.772
0.430
-0.008
1.246
0.260
-1.217
-1.271
-0.514
1.498
0.357
0.297
-1.543
0.435
-0.269
0.516
0.602
0.439
0.650
1.603
-0.672
1.144
0.258
1.166
0.207
1.121
-1.503
0.935
1.376
0.377
-0.221
1.249
1.370
-0.219
-0.084
1.263
-0.774
-1.379
0.966
1.186
0.565
0.140
0.225
0.855
-0.243
0.512
-0.259
0.592
0.943
-0.232
-0.415
-0.193
0.332
-0.022
1.236
-0.040
-0.635
2.631
0.600
-0.148
-0.723
-0.569
-1.415
-0.066
0.228
0.842
-0.554
0.548
0.212
-1.557
1.035
-1.129
0.086
-0.897
-0.240
0.494
0.684
0.192
0.491
-0.224
-1.182
-0.388
0.347
-1.614
-1.218
0.395
1.274
1.020
-1.257
-0.902
0.081
0.479
0.730
-0.266
0.925
0.364
0.264
-0.947
0.159
0.906
-0.526
1.631
-0.103
-0.542
0.137
2.310
0.255
0.501
0.076
-0.757
0.601
0.709
-0.090
0.296
1.058
-0.970
0.112
-0.253
-0.397
-0.850
-0.072
0.001
0.417
0.362
0.216
-0.616
-1.023
0.109
0.841
-1.208
0.975
0.320
-0.089
-0.385
-0.336
-0.435
0.048
0.681
-0.062
0.394
-0.450
-1.739
-0.060
-0.140
-0.361
-0.805
-0.223
0.561
-0.166
0.861
-0.640
0.638
1.731
-1.270
-0.324
0.138
0.267
-0.088
0.295
-0.576
1.405
0.576
-1.646
-2.290
0.310
-0.976
-0.231
-0.098
0.621
0.656
0.771
-1.425
2.442
0.097
0.178
-1.079
0.103
0.481
-1.528
-0.233
-0.018
0.960
-1.465
-1.678
1.086
1.524
1.062
-0.424
0.629
0.152
-0.052
0.495
-1.670
-0.628
-0.248
-0.236
0.421
0.387
0.569
-1.746
-0.904
-0.633
-0.854
-0.057
-0.234
0.883
0.514
0.105
1.470
-0.031
0.056
-0.023
1.207
-0.783
0.672
-1.022
-0.663
2.298
-0.661
-0.278
0.428
-0.399
-2.054
1.209
-0.113
-0.348
1.034
-0.704
0.166
-1.016
-0.981
0.712
0.451
-1.166
0.209
-0.283
0.597
0.118
-1.285
0.081
0.188
0.056
-0.344
0.401
0.224
0.978
0.844
0.417
-1.931
-1.024
-0.990
0.170
-0.784
-1.053
0.285
0.814
-0.959
0.741
0.195
-1.701
-0.022
-0.434
-0.090
-1.277
0.394
-0.993
0.896
0.428
1.717
0.495
0.791
-0.577
-0.472
-1.057
-0.735
0.110
1.130
0.383
-1.221
-1.155
-0.387
0.174
1.175
1.671
-0.221
-1.430
-0.191
0.206
0.240
0.101
-1.436
0.538
1.225
0.223
-1.428
-0.280
-0.204
0.804
0.012
0.394
0.161
-0.416
-0.850
0.195
1.406
1.614
0.499
1.210
-0.019
-0.864
0.208
1.416
-0.199
0.136
-0.711
0.396
0.612
-0.741
-0.235
0.816
0.771
-0.031
0.636
-0.448
-0.240
1.057
-0.635
1.047
0.412
0.534
-0.886
0.845
0.047
-1.395
-0.175
-0.458
-0.952
-0.958
0.325
0.160
0.012
0.350
-0.081
0.657
-1.275
0.400
-1.834
-1.713
0.001
-1.224
-0.439
0.954
0.104
0.216
-1.153
0.313
-0.718
-1.339
-0.265
1.588
-0.799
1.175
0.481
-0.771
0.771
0.261
0.457
-1.166
-0.008
0.077
-0.400
0.858
0.027
-0.447
0.582
1.939
-0.573
-1.218
-1.276
-0.020
-0.477
-0.642
0.358
-0.446
-0.605
-0.657
1.019
-1.363
0.411
-0.433
1.621
0.217
0.185
0.636
0.727
0.269
1.026
1.080
1.508
0.481
-0.268
-1.267
0.280
0.430
1.436
-1.344
-0.147
-1.981
0.737
0.400
0.207
1.081
-0.646
0.641
-0.290
-1.059
-1.000
0.242
-0.579
-0.405
-0.293
0.411
-1.798
-0.444
0.539
-1.900
0.014
0.404
0.036
-1.248
0.630
-0.542
-0.301
0.474
0.756
0.495
1.732
-0.487
0.377
0.193
1.183
0.256
-0.459
0.204
1.357
